False,72.57,38.26,8.02,14.051,8.747,4000,256,5,0.1807782633576609,False,0.9800807006738136,4.1717943152110604e-05,fixed,100,5000,adam,0.8873417540912961,0.9397305082646625,0.5284281426346896,0.9849272658167321,
True,34.63,29.6,3.34,8.218,8.129,4000,256,8,0.36217436280476867,False,0.014633031943403152,0.0008563873971320306,fixed,100,5000,adam,0.2758325982088725,0.748280571887115,0.9058244036389042,0.5026821359804842,
True,0.35,18.16,2.48,8.808,8.713,4000,256,6,0.1829364589119984,False,0.017482344041137243,1.239029572874676e-05,fixed,100,5000,adam,0.9439409295978215,0.11477454205979587,0.17572392700647232,0.2796795581851116,
True,44.39,34.36,4.62,13.276,12.685,4000,256,10,0.8052468177965849,False,0.6061086957017565,9.816982001161012e-05,fixed,100,5000,adam,0.646303902928459,0.6721480919141626,0.6176190029582731,0.3634146890619576,
True,0.05,16.74,0,9.883,8.653,4000,256,10,0.20713104531578552,False,0.22301048719733907,8.231958240003374e-05,fixed,100,5000,adam,0.1396669428004338,0.047780668543486726,0.8744290302912981,0.4104757656829894,
True,8.58,22.75,3.2,12.201,8.592,4000,256,5,0.01064034905096889,False,0.6327592973343066,8.548358190011363e-06,fixed,100,5000,adam,0.503670060749659,0.3443440432198617,0.3108086918866835,0.23985545056950086,
False,72.57,38.26,8.02,14.051,8.747,4000,256,5,0.1807782633576609,False,0.9800807006738136,4.1717943152110604e-05,fixed,100,5000,adam,0.8873417540912961,0.9397305082646625,0.5284281426346896,0.9849272658167321,
False,0.3106243695717811,35.869370776905996,6.599913630466769,11.322,10.038,4000,64,2,0.5317153153925003,False,0.33102868584655376,8.021956825503757e-06,fixed,100,5000,adam,0.5122988155952167,0.7796140072960257,0.6683961862890364,0.04318870875572933,0.6499999999999999,0.4,0.8999999999999999,0.6499999999999999,
True,48.57,32.26,4.07,13.190,8.647,4000,64,7,0.014586964686769899,False,0.9282808980394551,0.0007031759615963635,fixed,100,5000,adam,0.2755385380214316,0.8301094624799755,0.8221338412031698,0.7339946338740213,
True,8.58,22.75,3.2,12.201,8.592,4000,256,5,0.01064034905096889,False,0.6327592973343066,8.548358190011363e-06,fixed,100,5000,adam,0.503670060749659,0.3443440432198617,0.3108086918866835,0.23985545056950086,
True,0.35,18.16,2.48,8.808,8.713,4000,256,6,0.1829364589119984,False,0.017482344041137243,1.239029572874676e-05,fixed,100,5000,adam,0.9439409295978215,0.11477454205979587,0.17572392700647232,0.2796795581851116,
True,3.39,19.85,0.21,10.739,7.569,4000,64,7,0.2894344902252115,False,0.48680497248580357,0.0007870354819490599,fixed,100,5000,adam,0.38348444097030976,0.19965160568138163,0.3014562536451064,0.9832523878731357,
True,62.22,32.41,5.44,12.354,12.045,4000,64,2,0.7934597401714214,False,0.18740748458222556,0.00048050098350120417,fixed,100,5000,adam,0.30551228363538063,0.9936475611321486,0.8246963341949287,0.1671274238527709,
True,34.63,29.6,3.34,8.218,8.129,4000,256,8,0.36217436280476867,False,0.014633031943403152,0.0008563873971320306,fixed,100,5000,adam,0.2758325982088725,0.748280571887115,0.9058244036389042,0.5026821359804842,
True,0.05,16.74,0,9.883,8.653,4000,256,10,0.20713104531578552,False,0.22301048719733907,8.231958240003374e-05,fixed,100,5000,adam,0.1396669428004338,0.047780668543486726,0.8744290302912981,0.4104757656829894,
True,30.14,28.08,3.54,10.471,7.745,4000,64,4,0.3002504771394521,False,0.4283875655977405,0.0006610554713116029,fixed,100,5000,adam,0.20214521444234235,0.9900760769904702,0.6715105597929641,0.5015221906675412,
False,0.07345806152724245,35.44363844460361,12.383401427314311,13.586,13.384,4000,64,7,0.9390122817675299,False,0.7364681473908835,0.000923491052481256,fixed,100,5000,adam,0.703393300527987,0.8345358528659955,0.4673197934850619,0.9553613639977598,0.7999999999999999,0.4,0.6,1.25,
False,0.07206739888682906,35.41754897088059,11.73079756156417,13.326,13.309,4000,64,10,0.9190576549583871,False,0.04849376603565181,7.905368975382554e-05,fixed,100,5000,adam,0.9441531343965013,0.9099449472416788,0.9100831345016963,0.1828444982873747,0.7999999999999999,0.4,0.6,1.25,
True,44.39,34.36,4.62,13.276,12.685,4000,256,10,0.8052468177965849,False,0.6061086957017565,9.816982001161012e-05,fixed,100,5000,adam,0.646303902928459,0.6721480919141626,0.6176190029582731,0.3634146890619576,